shape_id,shape_pt_lat,shape_pt_lon,shape_pt_sequence
EL1,-19.938481,-44.029928,0
EL1,-19.940009,-44.028000,1
EL1,-19.940534,-44.027506,2
EL1,-19.941441,-44.026819,3
EL1,-19.942359,-44.026240,4
EL1,-19.942793,-44.025789,5
EL1,-19.943136,-44.025199,6
EL1,-19.943448,-44.024105,7
EL1,-19.943509,-44.023740,8
EL1,-19.945314,-44.019084,9
EL1,-19.945556,-44.017957,10
EL1,-19.945617,-44.017335,11
EL1,-19.945597,-44.016747,12
EL1,-19.945758,-44.014710,13
EL1,-19.945637,-44.013766,14
EL1,-19.945354,-44.013058,15
EL1,-19.945112,-44.012586,16
EL1,-19.944064,-44.011513,17
EL1,-19.943479,-44.010676,18
EL1,-19.943196,-44.009710,19
EL1,-19.942954,-44.008315,20
EL1,-19.942752,-44.007436,21
EL1,-19.942571,-44.006964,22
EL1,-19.941159,-44.004925,23
EL1,-19.940534,-44.004110,24
EL1,-19.940150,-44.003745,25
EL1,-19.939182,-44.003123,26
EL1,-19.938153,-44.002586,27
EL1,-19.937710,-44.002114,28
EL1,-19.937286,-44.001385,29
EL1,-19.937125,-44.000848,30
EL1,-19.937004,-44.000162,31
EL1,-19.937044,-43.999883,32
EL1,-19.937125,-43.999389,33
EL1,-19.937508,-43.997887,34
EL1,-19.937568,-43.997136,35
EL1,-19.937427,-43.996449,36
EL1,-19.937246,-43.995956,37
EL1,-19.936943,-43.995484,38
EL1,-19.936499,-43.995076,39
EL1,-19.935995,-43.994733,40
EL1,-19.934038,-43.994068,41
EL1,-19.933292,-43.993703,42
EL1,-19.929479,-43.990613,43
EL1,-19.924416,-43.981086,44
EL1,-19.924335,-43.980699,45
EL1,-19.924275,-43.980313,46
EL1,-19.924295,-43.979948,47
EL1,-19.924355,-43.979584,48
EL1,-19.925768,-43.975635,49
EL1,-19.925828,-43.975206,50
EL1,-19.925747,-43.974756,51
EL1,-19.925606,-43.974219,52
EL1,-19.925344,-43.973618,53
EL1,-19.925021,-43.973168,54
EL1,-19.922580,-43.970550,55
EL1,-19.922177,-43.970078,56
EL1,-19.921773,-43.969670,57
EL1,-19.921450,-43.969241,58
EL1,-19.920341,-43.968039,59
EL1,-19.919937,-43.967589,60
EL1,-19.918525,-43.966215,61
EL1,-19.917981,-43.964413,62
EL1,-19.918586,-43.961924,63
EL1,-19.918626,-43.961237,64
EL1,-19.918162,-43.958019,65
EL1,-19.918061,-43.957826,66
EL1,-19.916932,-43.955036,67
EL1,-19.916770,-43.954564,68
EL1,-19.916730,-43.954135,69
EL1,-19.916689,-43.953641,70
EL1,-19.917375,-43.948942,71
EL1,-19.917355,-43.948255,72
EL1,-19.917335,-43.947998,73
EL1,-19.917234,-43.947698,74
EL1,-19.917133,-43.947376,75
EL1,-19.916831,-43.946882,76
EL1,-19.916407,-43.946367,77
EL1,-19.914813,-43.944994,78
EL1,-19.914087,-43.944393,79
EL1,-19.913724,-43.943964,80
EL1,-19.912836,-43.942419,81
EL1,-19.912211,-43.941303,82
EL1,-19.911989,-43.940681,83
EL1,-19.911908,-43.940252,84
EL1,-19.911908,-43.939823,85
EL1,-19.911868,-43.939286,86
EL1,-19.912110,-43.938664,87
EL1,-19.912634,-43.937848,88
EL1,-19.912917,-43.937119,89
EL1,-19.912998,-43.936776,90
EL1,-19.913018,-43.936110,91
EL1,-19.913018,-43.935488,92
EL1,-19.913038,-43.934158,93
EL1,-19.913119,-43.933600,94
EL1,-19.913179,-43.933364,95
EL1,-19.913280,-43.933149,96
EL1,-19.913361,-43.933020,97
EL1,-19.913502,-43.932935,98
EL1,-19.913764,-43.932720,99
EL1,-19.913986,-43.932591,100
EL1,-19.914329,-43.932484,101
EL1,-19.914450,-43.932484,102
EL1,-19.914551,-43.932463,103
EL1,-19.914692,-43.932463,104
EL1,-19.914894,-43.932505,105
EL1,-19.917658,-43.933299,106
EL1,-19.917819,-43.933299,107
EL1,-19.919231,-43.933725,108
EL1,-19.920079,-43.933643,109
EL1,-19.920906,-43.933085,110
EL1,-19.921249,-43.932416,111
EL1,-19.921309,-43.931862,112
EL1,-19.921249,-43.931497,113
EL1,-19.920583,-43.929265,114
EL1,-19.920139,-43.925231,115
EL1,-19.920240,-43.924437,116
EL1,-19.920018,-43.923236,117
EL1,-19.919433,-43.921498,118
EL1,-19.919050,-43.918558,119
EL1,-19.919373,-43.915425,120
EL1,-19.919272,-43.914696,121
EL1,-19.916810,-43.910790,122
EL1,-19.913825,-43.908859,123
EL1,-19.912251,-43.909138,124
EL1,-19.910092,-43.912528,125
EL1,-19.908579,-43.913408,126
EL1,-19.905815,-43.913043,127
EL1,-19.904403,-43.912722,128
EL1,-19.902062,-43.911584,129
EL1,-19.900630,-43.911456,130
EL1,-19.898875,-43.910082,131
EL1,-19.897926,-43.909567,132
EL1,-19.896796,-43.909503,133
EL1,-19.894173,-43.910962,134
EL1,-19.889976,-43.912078,135
EL1,-19.887374,-43.911627,136
EL1,-19.881421,-43.913859,137
EL1,-19.880876,-43.914309,138
EL1,-19.880876,-43.914309,139
EL1,-19.875549,-43.920747,140
EL1,-19.872381,-43.925038,141
EL1,-19.867921,-43.927420,142
EL1,-19.865802,-43.927012,143
EL1,-19.863219,-43.926280,144
EL1,-19.862129,-43.926390,145
EL1,-19.859364,-43.928536,146
EL1,-19.858557,-43.932377,147
EL1,-19.858032,-43.933600,148
EL1,-19.857326,-43.934394,149
EL1,-19.854218,-43.934973,150
EL1,-19.848930,-43.932935,151
EL1,-19.846932,-43.932591,152
EL1,-19.845378,-43.932784,153
EL1,-19.842834,-43.934050,154
EL1,-19.839524,-43.936518,155
EL1,-19.836820,-43.939587,156
EL1,-19.835992,-43.940123,157
EL1,-19.832258,-43.940681,158
EL1,-19.831228,-43.941003,159
EL1,-19.822407,-43.945230,160
EL1,-19.821761,-43.946539,161
EL2,-19.821761,-43.946539,0
EL2,-19.822407,-43.945230,1
EL2,-19.831228,-43.941003,2
EL2,-19.832258,-43.940681,3
EL2,-19.835992,-43.940123,4
EL2,-19.836820,-43.939587,5
EL2,-19.839524,-43.936518,6
EL2,-19.842834,-43.934050,7
EL2,-19.845378,-43.932784,8
EL2,-19.846932,-43.932591,9
EL2,-19.848930,-43.932935,10
EL2,-19.854218,-43.934973,11
EL2,-19.857326,-43.934394,12
EL2,-19.858032,-43.933600,13
EL2,-19.858557,-43.932377,14
EL2,-19.859364,-43.928536,15
EL2,-19.862129,-43.926390,16
EL2,-19.863219,-43.926280,17
EL2,-19.865802,-43.927012,18
EL2,-19.867921,-43.927420,19
EL2,-19.872381,-43.925038,20
EL2,-19.875549,-43.920747,21
EL2,-19.880876,-43.914309,22
EL2,-19.880876,-43.914309,23
EL2,-19.881421,-43.913859,24
EL2,-19.887374,-43.911627,25
EL2,-19.889976,-43.912078,26
EL2,-19.894173,-43.910962,27
EL2,-19.896796,-43.909503,28
EL2,-19.897926,-43.909567,29
EL2,-19.898875,-43.910082,30
EL2,-19.900630,-43.911456,31
EL2,-19.902062,-43.911584,32
EL2,-19.904403,-43.912722,33
EL2,-19.905815,-43.913043,34
EL2,-19.908579,-43.913408,35
EL2,-19.910092,-43.912528,36
EL2,-19.912251,-43.909138,37
EL2,-19.913825,-43.908859,38
EL2,-19.916810,-43.910790,39
EL2,-19.919272,-43.914696,40
EL2,-19.919373,-43.915425,41
EL2,-19.919050,-43.918558,42
EL2,-19.919433,-43.921498,43
EL2,-19.920018,-43.923236,44
EL2,-19.920240,-43.924437,45
EL2,-19.920139,-43.925231,46
EL2,-19.920583,-43.929265,47
EL2,-19.921249,-43.931497,48
EL2,-19.921309,-43.931862,49
EL2,-19.921249,-43.932416,50
EL2,-19.920906,-43.933085,51
EL2,-19.920079,-43.933643,52
EL2,-19.919231,-43.933725,53
EL2,-19.917819,-43.933299,54
EL2,-19.917658,-43.933299,55
EL2,-19.914894,-43.932505,56
EL2,-19.914692,-43.932463,57
EL2,-19.914551,-43.932463,58
EL2,-19.914450,-43.932484,59
EL2,-19.914329,-43.932484,60
EL2,-19.913986,-43.932591,61
EL2,-19.913764,-43.932720,62
EL2,-19.913502,-43.932935,63
EL2,-19.913361,-43.933020,64
EL2,-19.913280,-43.933149,65
EL2,-19.913179,-43.933364,66
EL2,-19.913119,-43.933600,67
EL2,-19.913038,-43.934158,68
EL2,-19.913018,-43.935488,69
EL2,-19.913018,-43.936110,70
EL2,-19.912998,-43.936776,71
EL2,-19.912917,-43.937119,72
EL2,-19.912634,-43.937848,73
EL2,-19.912110,-43.938664,74
EL2,-19.911868,-43.939286,75
EL2,-19.911908,-43.939823,76
EL2,-19.911908,-43.940252,77
EL2,-19.911989,-43.940681,78
EL2,-19.912211,-43.941303,79
EL2,-19.912836,-43.942419,80
EL2,-19.913724,-43.943964,81
EL2,-19.914087,-43.944393,82
EL2,-19.914813,-43.944994,83
EL2,-19.916407,-43.946367,84
EL2,-19.916831,-43.946882,85
EL2,-19.917133,-43.947376,86
EL2,-19.917234,-43.947698,87
EL2,-19.917335,-43.947998,88
EL2,-19.917355,-43.948255,89
EL2,-19.917375,-43.948942,90
EL2,-19.916689,-43.953641,91
EL2,-19.916730,-43.954135,92
EL2,-19.916770,-43.954564,93
EL2,-19.916932,-43.955036,94
EL2,-19.918061,-43.957826,95
EL2,-19.918162,-43.958019,96
EL2,-19.918626,-43.961237,97
EL2,-19.918586,-43.961924,98
EL2,-19.917981,-43.964413,99
EL2,-19.918525,-43.966215,100
EL2,-19.919937,-43.967589,101
EL2,-19.920341,-43.968039,102
EL2,-19.921450,-43.969241,103
EL2,-19.921773,-43.969670,104
EL2,-19.922177,-43.970078,105
EL2,-19.922580,-43.970550,106
EL2,-19.925021,-43.973168,107
EL2,-19.925344,-43.973618,108
EL2,-19.925606,-43.974219,109
EL2,-19.925747,-43.974756,110
EL2,-19.925828,-43.975206,111
EL2,-19.925768,-43.975635,112
EL2,-19.924355,-43.979584,113
EL2,-19.924295,-43.979948,114
EL2,-19.924275,-43.980313,115
EL2,-19.924335,-43.980699,116
EL2,-19.924416,-43.981086,117
EL2,-19.929479,-43.990613,118
EL2,-19.933292,-43.993703,119
EL2,-19.934038,-43.994068,120
EL2,-19.935995,-43.994733,121
EL2,-19.936499,-43.995076,122
EL2,-19.936943,-43.995484,123
EL2,-19.937246,-43.995956,124
EL2,-19.937427,-43.996449,125
EL2,-19.937568,-43.997136,126
EL2,-19.937508,-43.997887,127
EL2,-19.937125,-43.999389,128
EL2,-19.937044,-43.999883,129
EL2,-19.937004,-44.000162,130
EL2,-19.937125,-44.000848,131
EL2,-19.937286,-44.001385,132
EL2,-19.937710,-44.002114,133
EL2,-19.938153,-44.002586,134
EL2,-19.939182,-44.003123,135
EL2,-19.940150,-44.003745,136
EL2,-19.940534,-44.004110,137
EL2,-19.941159,-44.004925,138
EL2,-19.942571,-44.006964,139
EL2,-19.942752,-44.007436,140
EL2,-19.942954,-44.008315,141
EL2,-19.943196,-44.009710,142
EL2,-19.943479,-44.010676,143
EL2,-19.944064,-44.011513,144
EL2,-19.945112,-44.012586,145
EL2,-19.945354,-44.013058,146
EL2,-19.945637,-44.013766,147
EL2,-19.945758,-44.014710,148
EL2,-19.945597,-44.016747,149
EL2,-19.945617,-44.017335,150
EL2,-19.945556,-44.017957,151
EL2,-19.945314,-44.019084,152
EL2,-19.943509,-44.023740,153
EL2,-19.943448,-44.024105,154
EL2,-19.943136,-44.025199,155
EL2,-19.942793,-44.025789,156
EL2,-19.942359,-44.026240,157
EL2,-19.941441,-44.026819,158
EL2,-19.940534,-44.027506,159
EL2,-19.940009,-44.028000,160
EL2,-19.938481,-44.029928,161
T1030,-19.913048,-43.942180,1
T1030,-19.913625,-43.943250,2
T1030,-19.913910,-43.943690,3
T1030,-19.913984,-43.943719,4
T1030,-19.913996,-43.943722,5
T1030,-19.914072,-43.943722,6
T1030,-19.914173,-43.943663,7
T1030,-19.914276,-43.943534,8
T1030,-19.914440,-43.943180,9
T1030,-19.914501,-43.943022,10
T1030,-19.914541,-43.942933,11
T1030,-19.914594,-43.942807,12
T1030,-19.914627,-43.942789,13
T1030,-19.915229,-43.942389,14
T1030,-19.915388,-43.942295,15
T1030,-19.915600,-43.942201,16
T1030,-19.915754,-43.941504,17
T1030,-19.915807,-43.941329,18
T1030,-19.915991,-43.940568,19
T1030,-19.916296,-43.940474,20
T1030,-19.916324,-43.940463,21
T1030,-19.919052,-43.938744,22
T1030,-19.919201,-43.938669,23
T1030,-19.926703,-43.934015,24
T1030,-19.926854,-43.933937,25
T1030,-19.929979,-43.931995,26
T1030,-19.930370,-43.931783,27
T1030,-19.930453,-43.931719,28
T1030,-19.934167,-43.929445,29
T1030,-19.934454,-43.929235,30
T1030,-19.934644,-43.929144,31
T1030,-19.937672,-43.927213,32
T1030,-19.938933,-43.926430,33
T1030,-19.939096,-43.926325,34
T1030,-19.940206,-43.925630,35
T1030,-19.940771,-43.925250,36
T1030,-19.942183,-43.924391,37
T1030,-19.942309,-43.924295,38
T1030,-19.943168,-43.923758,39
T1030,-19.943267,-43.923702,40
T1030,-19.945027,-43.922581,41
T1030,-19.945778,-43.922154,42
T1030,-19.946401,-43.921781,43
T1030,-19.946973,-43.921406,44
T1030,-19.947535,-43.921041,45
T1030,-19.947818,-43.920870,46
T1030,-19.948413,-43.920510,47
T1030,-19.948794,-43.920269,48
T1030,-19.948806,-43.920255,49
T1030,-19.948857,-43.920320,50
T1030,-19.948917,-43.920368,51
T1030,-19.948952,-43.920387,52
T1030,-19.949005,-43.920403,53
T1030,-19.949099,-43.920411,54
T1030,-19.949215,-43.920397,55
T1030,-19.949250,-43.920384,56
T1030,-19.949323,-43.920338,57
T1030,-19.949371,-43.920269,58
T1030,-19.949404,-43.920183,59
T1030,-19.949429,-43.920062,60
T1030,-19.949439,-43.919955,61
T1030,-19.949378,-43.919813,62
T1030,-19.949308,-43.919735,63
T1030,-19.949235,-43.919681,64
T1030,-19.949121,-43.919644,65
T1030,-19.949023,-43.919630,66
T1030,-19.948844,-43.919719,67
T1030,-19.948766,-43.919813,68
T1030,-19.948733,-43.919888,69
T1030,-19.948713,-43.919987,70
T1030,-19.948723,-43.920110,71
T1030,-19.948105,-43.920553,72
T1030,-19.947558,-43.920864,73
T1030,-19.945715,-43.922039,74
T1030,-19.944235,-43.922948,75
T1030,-19.943133,-43.923611,76
T1030,-19.940710,-43.925129,77
T1030,-19.938985,-43.926212,78
T1030,-19.938854,-43.926301,79
T1030,-19.937616,-43.927087,80
T1030,-19.936076,-43.928039,81
T1030,-19.935940,-43.928144,82
T1030,-19.935697,-43.928313,83
T1030,-19.934550,-43.929013,84
T1030,-19.934409,-43.929104,85
T1030,-19.932947,-43.929970,86
T1030,-19.932785,-43.930107,87
T1030,-19.930112,-43.931692,88
T1030,-19.929878,-43.931826,89
T1030,-19.929714,-43.931931,90
T1030,-19.929482,-43.932092,91
T1030,-19.928483,-43.932693,92
T1030,-19.928171,-43.932913,93
T1030,-19.926925,-43.933631,94
T1030,-19.925929,-43.934273,95
T1030,-19.921912,-43.936692,96
T1030,-19.921688,-43.936837,97
T1030,-19.920656,-43.937515,98
T1030,-19.920502,-43.937593,99
T1030,-19.919032,-43.938527,100
T1030,-19.918775,-43.938677,101
T1030,-19.916241,-43.940305,102
T1030,-19.915981,-43.940562,103
T1030,-19.915234,-43.940380,104
T1030,-19.915098,-43.940342,105
T1030,-19.914836,-43.940251,106
T1030,-19.912503,-43.939613,107
T1030,-19.912165,-43.939371,108
T1030,-19.912127,-43.939430,109
T1030,-19.912095,-43.939602,110
T1030,-19.912075,-43.939886,111
T1030,-19.912125,-43.940356,112
T1030,-19.912236,-43.940675,113
T1030,-19.912559,-43.941340,114
T1030,-19.912649,-43.941464,115
T1030,-19.912695,-43.941541,116
T1030,-19.913048,-43.942180,117
T614,-19.841996,-43.965899,1
T614,-19.841873,-43.966387,2
T614,-19.841823,-43.966567,3
T614,-19.841754,-43.966794,4
T614,-19.841671,-43.967064,5
T614,-19.841608,-43.967338,6
T614,-19.841592,-43.967484,7
T614,-19.841607,-43.967639,8
T614,-19.841658,-43.967802,9
T614,-19.842028,-43.968651,10
T614,-19.842559,-43.969858,11
T614,-19.84276,-43.970265,12
T614,-19.842916,-43.970511,13
T614,-19.843098,-43.970735,14
T614,-19.843244,-43.97089,15
T614,-19.843411,-43.971028,16
T614,-19.843538,-43.971106,17
T614,-19.843753,-43.971224,18
T614,-19.843894,-43.971279,19
T614,-19.844071,-43.971342,20
T614,-19.8443,-43.971416,21
T614,-19.844513,-43.971489,22
T614,-19.844654,-43.971546,23
T614,-19.844758,-43.971578,24
T614,-19.844908,-43.971657,25
T614,-19.844998,-43.971713,26
T614,-19.845186,-43.971858,27
T614,-19.845453,-43.972134,28
T614,-19.84571,-43.972523,29
T614,-19.845879,-43.972868,30
T614,-19.84607,-43.973279,31
T614,-19.846262,-43.973699,32
T614,-19.84633,-43.973861,33
T614,-19.846447,-43.974169,34
T614,-19.846526,-43.974488,35
T614,-19.846561,-43.974838,36
T614,-19.846563,-43.975111,37
T614,-19.84653,-43.975323,38
T614,-19.846495,-43.975497,39
T614,-19.846471,-43.975606,40
T614,-19.846426,-43.975775,41
T614,-19.84637,-43.975925,42
T614,-19.846285,-43.976126,43
T614,-19.846212,-43.976313,44
T614,-19.846131,-43.976462,45
T614,-19.846041,-43.976671,46
T614,-19.845955,-43.976884,47
T614,-19.845907,-43.977028,48
T614,-19.845856,-43.977215,49
T614,-19.845822,-43.977432,50
T614,-19.84582,-43.977451,51
T614,-19.845812,-43.977764,52
T614,-19.845847,-43.977917,53
T614,-19.845894,-43.978119,54
T614,-19.846087,-43.978599,55
T614,-19.846395,-43.979168,56
T614,-19.84668,-43.979676,57
T614,-19.847000,-43.98024,58
T614,-19.847097,-43.980411,59
T614,-19.847662,-43.981401,60
T614,-19.847771,-43.981603,61
T614,-19.848032,-43.982098,62
T614,-19.848087,-43.982253,63
T614,-19.848119,-43.982357,64
T614,-19.848155,-43.982599,65
T614,-19.84816,-43.982796,66
T614,-19.848145,-43.98302,67
T614,-19.848135,-43.983095,68
T614,-19.8481,-43.983207,69
T614,-19.848043,-43.983413,70
T614,-19.847968,-43.983561,71
T614,-19.847656,-43.98402,72
T614,-19.847571,-43.984136,73
T614,-19.847237,-43.98456,74
T614,-19.847111,-43.984712,75
T614,-19.846916,-43.984941,76
T614,-19.846534,-43.98541,77
T614,-19.846326,-43.985623,78
T614,-19.846212,-43.98572,79
T614,-19.845753,-43.986065,80
T614,-19.84562,-43.98616,81
T614,-19.845261,-43.986413,82
T614,-19.844551,-43.98694,83
T614,-19.844239,-43.987232,84
T614,-19.84409,-43.98741,85
T614,-19.84348,-43.988294,86
T614,-19.842625,-43.989593,87
T614,-19.842532,-43.989784,88
T614,-19.842418,-43.989877,89
T614,-19.842315,-43.989901,90
T614,-19.841897,-43.990049,91
T614,-19.840487,-43.990558,92
T614,-19.839942,-43.990767,93
T614,-19.839662,-43.990861,94
T614,-19.839287,-43.990994,95
T614,-19.837942,-43.991475,96
T614,-19.837613,-43.991584,97
T614,-19.837465,-43.991631,98
T614,-19.837417,-43.991615,99
T614,-19.83734,-43.991666,100
T614,-19.837323,-43.991697,101
T614,-19.837223,-43.991793,102
T614,-19.836479,-43.992529,103
T614,-19.836227,-43.99278,104
T614,-19.835999,-43.993008,105
T614,-19.835522,-43.99348,106
T614,-19.835372,-43.993627,107
T614,-19.835238,-43.993763,108
T614,-19.83505,-43.993961,109
T614,-19.835043,-43.993968,110
T614,-19.835036,-43.993976,111
T614,-19.835027,-43.993984,112
T614,-19.835018,-43.993993,113
T614,-19.835005,-43.994005,114
T614,-19.834998,-43.994012,115
T614,-19.83499,-43.994018,116
T614,-19.834982,-43.994025,117
T614,-19.834974,-43.994031,118
T614,-19.834965,-43.994038,119
T614,-19.834957,-43.994045,120
T614,-19.834945,-43.994054,121
T614,-19.834934,-43.994062,122
T614,-19.834923,-43.994069,123
T614,-19.834914,-43.994075,124
T614,-19.834905,-43.99408,125
T614,-19.834898,-43.994085,126
T614,-19.834884,-43.994093,127
T614,-19.834335,-43.99423,128
T614,-19.833559,-43.994427,129
T614,-19.833488,-43.994439,130
T614,-19.833246,-43.994469,131
T614,-19.832554,-43.994324,132
T614,-19.832191,-43.994316,133
T614,-19.830645,-43.99451,134
T614,-19.830538,-43.994524,135
T614,-19.829798,-43.994613,136
T614,-19.828888,-43.994735,137
T614,-19.828738,-43.994753,138
T614,-19.828715,-43.994756,139
T614,-19.828578,-43.994781,140
T614,-19.827643,-43.994993,141
T614,-19.826848,-43.995177,142
T614,-19.826759,-43.995198,143
T614,-19.826752,-43.995204,144
T614,-19.826745,-43.995213,145
T614,-19.826736,-43.995224,146
T614,-19.826729,-43.995239,147
T614,-19.826725,-43.99525,148
T614,-19.826723,-43.995262,149
T614,-19.826721,-43.995273,150
T614,-19.826721,-43.995283,151
T614,-19.826723,-43.995297,152
T614,-19.826725,-43.99531,153
T614,-19.826833,-43.995765,154
T614,-19.826831,-43.995776,155
T614,-19.826829,-43.995789,156
T614,-19.826824,-43.995804,157
T614,-19.826815,-43.99582,158
T614,-19.826808,-43.995829,159
T614,-19.8268,-43.995837,160
T614,-19.826793,-43.995844,161
T614,-19.826785,-43.995849,162
T614,-19.826773,-43.995856,163
T614,-19.826762,-43.99586,164
T614,-19.826565,-43.995916,165
T614,-19.826372,-43.995966,166
T614,-19.826294,-43.995985,167
T614,-19.826277,-43.995988,168
T614,-19.826268,-43.995989,169
T614,-19.826257,-43.99599,170
T614,-19.826244,-43.99599,171
T614,-19.826229,-43.995991,172
T614,-19.826213,-43.99599,173
T614,-19.826196,-43.995989,174
T614,-19.826181,-43.995987,175
T614,-19.826167,-43.995984,176
T614,-19.826154,-43.995982,177
T614,-19.826143,-43.995979,178
T614,-19.826133,-43.995976,179
T614,-19.826124,-43.995973,180
T614,-19.826109,-43.995968,181
T614,-19.825119,-43.99539,182
T614,-19.825107,-43.995385,183
T614,-19.825092,-43.995383,184
T614,-19.825076,-43.995386,185
T614,-19.825067,-43.99539,186
T614,-19.825059,-43.995395,187
T614,-19.825051,-43.995402,188
T614,-19.825044,-43.995411,189
T614,-19.825039,-43.99542,190
T614,-19.825036,-43.99543,191
T614,-19.825035,-43.995447,192
T614,-19.825037,-43.995462,193
T614,-19.825039,-43.995481,194
T614,-19.82507,-43.99571,195
T614,-19.825141,-43.996181,196
T614,-19.825204,-43.996412,197
T614,-19.825795,-43.998169,198
T614,-19.82587,-43.998412,199
T614,-19.82597,-43.998761,200
T614,-19.825964,-43.998982,201
T614,-19.825795,-43.999878,202
T614,-19.825764,-44.000043,203
T614,-19.825647,-44.000709,204
T614,-19.825649,-44.000906,205
T614,-19.825704,-44.00111,206
T614,-19.825856,-44.001473,207
T614,-19.826012,-44.001762,208
T614,-19.826356,-44.002197,209
T614,-19.826448,-44.002315,210
T614,-19.826785,-44.002761,211
T614,-19.827127,-44.003557,212
T614,-19.827176,-44.003672,213
T614,-19.827343,-44.004071,214
T614,-19.827365,-44.004158,215
T614,-19.827395,-44.004309,216
T614,-19.827398,-44.004323,217
T614,-19.827401,-44.004341,218
T614,-19.827402,-44.004353,219
T614,-19.827404,-44.004366,220
T614,-19.827406,-44.004381,221
T614,-19.827408,-44.004396,222
T614,-19.827409,-44.00441,223
T614,-19.82741,-44.004423,224
T614,-19.827411,-44.004435,225
T614,-19.827412,-44.004445,226
T614,-19.827413,-44.004462,227
T614,-19.827413,-44.004476,228
T614,-19.827408,-44.004675,229
T614,-19.827157,-44.005951,230
T614,-19.826976,-44.006683,231
T614,-19.826925,-44.006858,232
T614,-19.826598,-44.007867,233
T614,-19.826539,-44.008056,234
T614,-19.826389,-44.008555,235
T614,-19.826347,-44.008726,236
T614,-19.826147,-44.009633,237
T614,-19.826121,-44.009745,238
T614,-19.825975,-44.010302,239
T614,-19.825971,-44.010311,240
T614,-19.825961,-44.010322,241
T614,-19.82595,-44.010327,242
T614,-19.825941,-44.010328,243
T614,-19.825391,-44.010131,244
T614,-19.824825,-44.009938,245
T614,-19.824721,-44.009906,246
T614,-19.82345,-44.009604,247
T614,-19.823353,-44.009564,248
T614,-19.823118,-44.009428,249
T614,-19.822947,-44.009254,250
T614,-19.822917,-44.009221,251
T614,-19.822801,-44.009057,252
T614,-19.822072,-44.007781,253
T614,-19.821988,-44.007639,254
T614,-19.82194,-44.007571,255
T614,-19.821516,-44.006819,256
T614,-19.821511,-44.00681,257
T614,-19.821506,-44.006801,258
T614,-19.821501,-44.006792,259
T614,-19.821495,-44.006781,260
T614,-19.821486,-44.006767,261
T614,-19.82148,-44.006759,262
T614,-19.821475,-44.006751,263
T614,-19.821469,-44.006742,264
T614,-19.821463,-44.006734,265
T614,-19.821457,-44.006725,266
T614,-19.821451,-44.006717,267
T614,-19.821443,-44.006707,268
T614,-19.821436,-44.006698,269
T614,-19.821429,-44.006689,270
T614,-19.821423,-44.006682,271
T614,-19.821412,-44.00667,272
T614,-19.821402,-44.006659,273
T614,-19.820894,-44.006442,274
T614,-19.82089,-44.006433,275
T614,-19.820888,-44.00642,276
T614,-19.820889,-44.006409,277
T614,-19.820892,-44.006399,278
T614,-19.8209,-44.006388,279
T614,-19.820906,-44.00638,280
T614,-19.821196,-44.005574,281
T614,-19.8212,-44.005565,282
T614,-19.821207,-44.005554,283
T614,-19.821217,-44.00554,284
T614,-19.821224,-44.005533,285
T614,-19.821231,-44.005526,286
T614,-19.821245,-44.005516,287
T614,-19.821257,-44.005509,288
T614,-19.821267,-44.005505,289
T614,-19.821275,-44.005501,290
T614,-19.821816,-44.005495,291
T614,-19.821961,-44.005494,292
T614,-19.822521,-44.005494,293
T614,-19.822702,-44.005489,294
T614,-19.823234,-44.005465,295
T614,-19.823387,-44.005468,296
T614,-19.823533,-44.005482,297
T614,-19.823683,-44.00551,298
T614,-19.824346,-44.005683,299
T614,-19.824542,-44.005751,300
T614,-19.824872,-44.005911,301
T614,-19.825085,-44.006005,302
T614,-19.825164,-44.006038,303
T614,-19.825344,-44.006077,304
T614,-19.825495,-44.006057,305
T614,-19.825561,-44.00604,306
T614,-19.825756,-44.00598,307
T614,-19.826179,-44.005836,308
T614,-19.826388,-44.005759,309
T614,-19.826539,-44.005702,310
T614,-19.826688,-44.005646,311
T614,-19.827203,-44.005457,312
T614,-19.827204,-44.005457,313
T614,-19.827218,-44.005447,314
T614,-19.827226,-44.005441,315
T614,-19.827235,-44.005434,316
T614,-19.827244,-44.005426,317
T614,-19.827255,-44.005416,318
T614,-19.827265,-44.005404,319
T614,-19.827276,-44.005391,320
T614,-19.827282,-44.005383,321
T614,-19.827287,-44.005376,322
T614,-19.827297,-44.00536,323
T614,-19.827304,-44.005346,324
T614,-19.827311,-44.005332,325
T614,-19.827316,-44.005321,326
T614,-19.82732,-44.005311,327
T614,-19.827323,-44.005301,328
T614,-19.827326,-44.005292,329
T614,-19.827452,-44.004676,330
T614,-19.827451,-44.004476,331
T614,-19.82745,-44.004461,332
T614,-19.827449,-44.004444,333
T614,-19.827448,-44.004433,334
T614,-19.827447,-44.004422,335
T614,-19.827445,-44.004408,336
T614,-19.827444,-44.004394,337
T614,-19.827442,-44.004379,338
T614,-19.82744,-44.004365,339
T614,-19.827439,-44.004351,340
T614,-19.827437,-44.00434,341
T614,-19.827434,-44.004322,342
T614,-19.827431,-44.004307,343
T614,-19.827403,-44.004161,344
T614,-19.827374,-44.004054,345
T614,-19.827206,-44.003649,346
T614,-19.827155,-44.003532,347
T614,-19.826816,-44.00274,348
T614,-19.826479,-44.002298,349
T614,-19.826395,-44.002188,350
T614,-19.826049,-44.001738,351
T614,-19.825893,-44.001448,352
T614,-19.825742,-44.001096,353
T614,-19.82569,-44.000897,354
T614,-19.825687,-44.000721,355
T614,-19.825799,-44.000056,356
T614,-19.825829,-43.999899,357
T614,-19.82601,-43.998982,358
T614,-19.826016,-43.998757,359
T614,-19.825915,-43.998404,360
T614,-19.825844,-43.998171,361
T614,-19.825253,-43.996409,362
T614,-19.82526,-43.996366,363
T614,-19.825279,-43.996327,364
T614,-19.825304,-43.996285,365
T614,-19.825726,-43.99617,366
T614,-19.825992,-43.9961,367
T614,-19.82612,-43.996068,368
T614,-19.826297,-43.996024,369
T614,-19.82634,-43.996014,370
T614,-19.826626,-43.995938,371
T614,-19.826773,-43.995897,372
T614,-19.826891,-43.995865,373
T614,-19.826995,-43.99584,374
T614,-19.827222,-43.99578,375
T614,-19.82731,-43.995759,376
T614,-19.827454,-43.995782,377
T614,-19.827597,-43.995811,378
T614,-19.827743,-43.995863,379
T614,-19.82789,-43.995918,380
T614,-19.827899,-43.995927,381
T614,-19.82791,-43.995938,382
T614,-19.827921,-43.995952,383
T614,-19.827928,-43.99596,384
T614,-19.827935,-43.995969,385
T614,-19.827945,-43.995983,386
T614,-19.827954,-43.995997,387
T614,-19.827962,-43.99601,388
T614,-19.827969,-43.996022,389
T614,-19.827974,-43.996032,390
T614,-19.827979,-43.99604,391
T614,-19.827985,-43.996055,392
T614,-19.827996,-43.996079,393
T614,-19.828046,-43.996272,394
T614,-19.82807,-43.996432,395
T614,-19.828199,-43.9965,396
T614,-19.828202,-43.996498,397
T614,-19.828393,-43.996521,398
T614,-19.828503,-43.996562,399
T614,-19.828565,-43.99649,400
T614,-19.828603,-43.996404,401
T614,-19.828568,-43.996293,402
T614,-19.828546,-43.996243,403
T614,-19.828539,-43.996186,404
T614,-19.82862,-43.996016,405
T614,-19.828701,-43.995941,406
T614,-19.82879,-43.995887,407
T614,-19.828891,-43.995819,408
T614,-19.829186,-43.995613,409
T614,-19.829376,-43.995523,410
T614,-19.829538,-43.995485,411
T614,-19.829739,-43.995432,412
T614,-19.83001,-43.995398,413
T614,-19.830332,-43.99537,414
T614,-19.830558,-43.995337,415
T614,-19.830558,-43.995337,416
T614,-19.830809,-43.995303,417
T614,-19.832764,-43.995055,418
T614,-19.832778,-43.995052,419
T614,-19.832793,-43.995047,420
T614,-19.832808,-43.995043,421
T614,-19.832817,-43.99504,422
T614,-19.832826,-43.995037,423
T614,-19.832836,-43.995034,424
T614,-19.832848,-43.99503,425
T614,-19.832859,-43.995025,426
T614,-19.83287,-43.99502,427
T614,-19.832883,-43.995014,428
T614,-19.832896,-43.995008,429
T614,-19.832909,-43.995001,430
T614,-19.832922,-43.994995,431
T614,-19.832946,-43.99498,432
T614,-19.832957,-43.994973,433
T614,-19.832968,-43.994966,434
T614,-19.832979,-43.994959,435
T614,-19.832988,-43.994952,436
T614,-19.832997,-43.994946,437
T614,-19.833005,-43.994939,438
T614,-19.833019,-43.994927,439
T614,-19.833032,-43.994917,440
T614,-19.833043,-43.994907,441
T614,-19.833053,-43.994897,442
T614,-19.833122,-43.994808,443
T614,-19.83332,-43.99458,444
T614,-19.833373,-43.994546,445
T614,-19.833429,-43.994507,446
T614,-19.833484,-43.99448,447
T614,-19.833566,-43.994465,448
T614,-19.834343,-43.994267,449
T614,-19.834872,-43.994136,450
T614,-19.83488,-43.994132,451
T614,-19.834889,-43.994127,452
T614,-19.834899,-43.994122,453
T614,-19.834909,-43.994116,454
T614,-19.834921,-43.99411,455
T614,-19.834935,-43.994102,456
T614,-19.834949,-43.994093,457
T614,-19.834964,-43.994083,458
T614,-19.834974,-43.994076,459
T614,-19.834983,-43.994069,460
T614,-19.834992,-43.994063,461
T614,-19.835001,-43.994056,462
T614,-19.835009,-43.994049,463
T614,-19.835017,-43.994043,464
T614,-19.83503,-43.994032,465
T614,-19.835041,-43.994022,466
T614,-19.83505,-43.994013,467
T614,-19.835059,-43.994005,468
T614,-19.835066,-43.993997,469
T614,-19.835261,-43.993793,470
T614,-19.835402,-43.993649,471
T614,-19.835547,-43.993508,472
T614,-19.836024,-43.993036,473
T614,-19.836232,-43.992828,474
T614,-19.836493,-43.992567,475
T614,-19.837232,-43.991837,476
T614,-19.837242,-43.991827,477
T614,-19.837255,-43.991814,478
T614,-19.837265,-43.991807,479
T614,-19.837276,-43.991799,480
T614,-19.837288,-43.991791,481
T614,-19.837302,-43.991783,482
T614,-19.837311,-43.991779,483
T614,-19.837319,-43.991775,484
T614,-19.837333,-43.991769,485
T614,-19.837345,-43.991765,486
T614,-19.837356,-43.991762,487
T614,-19.837422,-43.991778,488
T614,-19.837441,-43.99177,489
T614,-19.83747,-43.991745,490
T614,-19.837478,-43.991737,491
T614,-19.837486,-43.991698,492
T614,-19.837494,-43.991691,493
T614,-19.837504,-43.991682,494
T614,-19.837516,-43.991673,495
T614,-19.837524,-43.991667,496
T614,-19.837532,-43.991662,497
T614,-19.837545,-43.991653,498
T614,-19.837558,-43.991646,499
T614,-19.837572,-43.991639,500
T614,-19.837584,-43.991634,501
T614,-19.8376,-43.991628,502
T614,-19.837615,-43.991623,503
T614,-19.837953,-43.991511,504
T614,-19.839298,-43.991029,505
T614,-19.839667,-43.990905,506
T614,-19.839955,-43.990802,507
T614,-19.840499,-43.990594,508
T614,-19.841908,-43.990085,509
T614,-19.842319,-43.98994,510
T614,-19.842418,-43.98992,511
T614,-19.842571,-43.98979,512
T614,-19.842658,-43.98961,513
T614,-19.84351,-43.988316,514
T614,-19.844153,-43.987383,515
T614,-19.844271,-43.987253,516
T614,-19.844271,-43.987253,517
T614,-19.844574,-43.98697,518
T614,-19.845281,-43.986445,519
T614,-19.845638,-43.986194,520
T614,-19.845767,-43.986101,521
T614,-19.846233,-43.985751,522
T614,-19.846353,-43.985648,523
T614,-19.84656,-43.985436,524
T614,-19.846943,-43.984966,525
T614,-19.847132,-43.984745,526
T614,-19.847261,-43.98459,527
T614,-19.847594,-43.984166,528
T614,-19.84768,-43.984051,529
T614,-19.847998,-43.983582,530
T614,-19.848076,-43.983427,531
T614,-19.848135,-43.983218,532
T614,-19.84817,-43.983104,533
T614,-19.848181,-43.983019,534
T614,-19.848196,-43.982795,535
T614,-19.848191,-43.982595,536
T614,-19.848154,-43.982347,537
T614,-19.848118,-43.982232,538
T614,-19.848068,-43.982088,539
T614,-19.847798,-43.981575,540
T614,-19.847681,-43.981361,541
T614,-19.847138,-43.980409,542
T614,-19.847041,-43.980238,543
T614,-19.846711,-43.979656,544
T614,-19.846427,-43.979149,545
T614,-19.84612,-43.978582,546
T614,-19.845929,-43.978107,547
T614,-19.845882,-43.977908,548
T614,-19.845848,-43.977763,549
T614,-19.845857,-43.977449,550
T614,-19.845858,-43.977438,551
T614,-19.845891,-43.977223,552
T614,-19.845941,-43.97704,553
T614,-19.845989,-43.976898,554
T614,-19.846072,-43.976693,555
T614,-19.846163,-43.97648,556
T614,-19.846245,-43.97633,557
T614,-19.846319,-43.976141,558
T614,-19.846403,-43.97594,559
T614,-19.84646,-43.975787,560
T614,-19.846506,-43.975615,561
T614,-19.84653,-43.975505,562
T614,-19.846567,-43.975322,563
T614,-19.846599,-43.975114,564
T614,-19.846597,-43.974836,565
T614,-19.846562,-43.974481,566
T614,-19.846482,-43.974157,567
T614,-19.846364,-43.973848,568
T614,-19.846299,-43.97369,569
T614,-19.846102,-43.973262,570
T614,-19.845911,-43.972851,571
T614,-19.845741,-43.972503,572
T614,-19.845481,-43.972109,573
T614,-19.845209,-43.97183,574
T614,-19.845016,-43.97168,575
T614,-19.844927,-43.971623,576
T614,-19.844769,-43.971542,577
T614,-19.844665,-43.97151,578
T614,-19.844525,-43.971453,579
T614,-19.844311,-43.97138,580
T614,-19.844082,-43.971306,581
T614,-19.843904,-43.971242,582
T614,-19.843768,-43.971189,583
T614,-19.843555,-43.971072,584
T614,-19.843431,-43.970997,585
T614,-19.843268,-43.970861,586
T614,-19.843125,-43.970708,587
T614,-19.842997,-43.970552,588
T614,-19.842936,-43.970478,589
T614,-19.84281,-43.970286,590
T614,-19.842642,-43.96995,591
T614,-19.842562,-43.969475,592
T614,-19.842551,-43.969129,593
T614,-19.842553,-43.968924,594
T614,-19.842565,-43.968757,595
T614,-19.842606,-43.968551,596
T614,-19.84271,-43.968265,597
T614,-19.842959,-43.967688,598
T614,-19.843033,-43.967509,599
T614,-19.843074,-43.967411,600
T614,-19.843146,-43.967173,601
T614,-19.843192,-43.96695,602
T614,-19.843214,-43.96673,603
T614,-19.843024,-43.966485,604
T614,-19.842706,-43.966231,605
T614,-19.842418,-43.966051,606
T614,-19.842277,-43.965954,607
T614,-19.842088,-43.965881,608
T614,-19.842051,-43.965871,609
T614,-19.842041,-43.965868,610
T614,-19.842036,-43.965869,611
T614,-19.842029,-43.965872,612
T614,-19.842023,-43.965875,613
T614,-19.842017,-43.965879,614
T614,-19.84201,-43.965884,615
T614,-19.842005,-43.965889,616
T614,-19.842001,-43.965894,617
T614,-19.841996,-43.965899,618